TB_PO:
COT_ID,PONO,Amount,OrderDate,ReceiveDate
0000304448,177682609,9426.3296000,2017-04-26,2017-04-27
0000304444,170880090,0.0000000,2017-03-29,2017-03-29
0000304452,170440045,0.0000000,2017-02-13,2017-02-13
0000304061,170870043,0.0000000,2017-03-28,2017-03-28
171,170900009,0.0000000,2017-03-31,2017-03-31
998,171090110,23962.4556000,2017-04-19,2017-04-28
998,171130102,52409.0784000,2017-04-23,2017-04-28
998,171160057,33644.7342000,2017-04-26,2017-04-28
998,171160640,33303.1018000,2017-04-26,2017-05-02
0000302490,171090159,29569.3656000,2017-04-19,2017-04-28
0000302490,171090304,55487.3640000,2017-04-19,2017-04-28
0000302490,171090999,19418.8000000,2017-04-19,2017-04-28
0000302490,171130093,18221.6160000,2017-04-23,2017-04-28
0000302490,171130097,131135.2524000,2017-04-23,2017-04-28
0000302490,171130367,17579.1628000,2017-04-23,2017-04-28
0000302490,171130559,17277.0914000,2017-04-23,2017-04-28
0000302490,171160245,38569.6920000,2017-04-26,2017-04-28
0000302490,171160302,49552.9836000,2017-04-26,2017-04-28
0000302490,171161152,35720.0344000,2017-04-26,2017-05-02
0000302490,171161355,24295.3352000,2017-04-26,2017-05-02
0000302490,171081263,0.0000000,2017-04-18,2017-04-18
0000302490,171131294,0.0000000,2017-04-23,2017-04-23
TB_PODetail:
COT_ID,PONO,ItemBarCode,SeqNumber,Unit,OrderQuantity,Price
0000304448,177682609,6917751540065,2054418,把,48,
0000304448,177682609,6917751540089,2036720,把,16,
0000304448,177682609,6917751540027,2054414,把,96,
0000304444,170880090,,2146585,套,-375,
0000304452,170440045,,2146585,套,-4,
0000304061,170870043,,2146585,套,-306,
171,170900009,,2146585,套,-229,
998,171090110,6917751430854,2016627,包,1,660,
998,171090110,6917751420374,2114263,副,480,
998,171090110,6917751420381,2114265,副,768,
998,171090110,6917751420398,2114264,副,480,
998,171130102,6917751451248,2054395,包,1,376,
998,171130102,6917751440013,1948007,袋,5,280,
998,171160057,6917751461353,1922360,包,2,250,
998,171160057,6917751540027,2054414,把,324,
998,171160057,6917751540065,2054418,把,216,
998,171160640,6917751461438,2054417,包,660,
998,171160640,6917751540072,2036719,把,4,
998,171160640,6917751460691,1976378,把,50,
998,171160640,6917751460684,1976377,把,40,
998,171160640,6917751460202,567473,支,50,
998,171160640,6917751430823,2054394,包,510,
998,171160640,6917751440051,1976376,包,320,
998,171160640,6917751460783,1922361,把,84,
998,171160640,6917751540133,2054419,套,190,
998,171160640,6917751451255,2054396,包,224,
998,171160640,6917751540225,2179114,把,12,
998,171160640,6917751540058,2054422,把,36,
998,171160640,6917751540140,2054420,套,80,
0000302490,171090159,6917751430854,2016627,包,480,
0000302490,171090159,6917751461391,2054421,包,1,200,
0000302490,171090159,6917751420398,2114264,副,864,
0000302490,171090159,6917751420381,2114265,副,1,224,
0000302490,171090304,6917751430854,2016627,包,2,760,
0000302490,171090304,6917751420374,2114263,副,1,152,
0000302490,171090304,6917751420398,2114264,副,1,656,
0000302490,171090304,6917751420381,2114265,副,1,992,
0000302490,171090999,,2257042,盒,400,
0000302490,171130093,6917751440013,1948007,袋,2,520,
0000302490,171130097,6917751440013,1948007,袋,12,735,
0000302490,171130097,6917751451248,2054395,包,3,776,
0000302490,171130367,6917751430823,2054394,包,270,
0000302490,171130367,6917751460684,1976377,把,110,
0000302490,171130367,6917751440051,1976376,包,240,
0000302490,171130367,6917751460202,567473,支,30,
0000302490,171130367,6917751461438,2054417,包,330,
0000302490,171130367,6917751451255,2054396,包,224,
0000302490,171130367,6917751540133,2054419,套,80,
0000302490,171130367,6917751540058,2054422,把,60,
0000302490,171130559,6917751540188,2036725,个,60,
0000302490,171130559,6917751540058,2054422,把,60,
0000302490,171130559,6917751540133,2054419,套,50,
0000302490,171130559,6917751540171,2036723,个,48,
0000302490,171130559,6917751540195,2036724,个,72,
0000302490,171130559,6917751420404,2036687,副,408,
0000302490,171130559,6917751460585,1327732,个,36,
0000302490,171130559,6917751430212,1158605,包,400,
0000302490,171160245,6917751451248,2054395,包,1,024,
0000302490,171160245,6917751540065,2054418,把,144,
0000302490,171160245,6917751461353,1922360,包,2,160,
0000302490,171160245,6917751540089,2036720,把,60,
0000302490,171160302,6917751461353,1922360,包,3,060,
0000302490,171160302,6917751540027,2054414,把,456,
0000302490,171160302,6917751540065,2054418,把,372,
0000302490,171161152,6917751540140,2054420,套,60,
0000302490,171161152,6917751540225,2179114,把,60,
0000302490,171161152,6917751540058,2054422,把,60,
0000302490,171161152,6917751540072,2036719,把,8,
0000302490,171161152,6917751430823,2054394,包,600,
0000302490,171161152,6917751460691,1976378,把,110,
0000302490,171161152,6917751451255,2054396,包,320,
0000302490,171161152,6917751461438,2054417,包,690,
0000302490,171161152,6917751540133,2054419,套,90,
0000302490,171161152,6917751460202,567473,支,40,
0000302490,171161152,6917751460783,1922361,把,36,
0000302490,171161152,6917751440051,1976376,包,280,
0000302490,171161152,6917751460684,1976377,把,60,
0000302490,171161355,6917751540164,2036722,个,204,
0000302490,171161355,6917751460691,1976378,把,30,
0000302490,171161355,6917751420404,2036687,副,408,
0000302490,171161355,6917751540195,2036724,个,60,
0000302490,171161355,6917751540171,2036723,个,24,
0000302490,171161355,6917751420428,2036690,副,408,
0000302490,171161355,6917751420411,2036691,副,864,
0000302490,171161355,6917751460585,1327732,个,24,
0000302490,171161355,6917751430212,1158605,包,400,
0000302490,171161355,6917751540188,2036725,个,132,
0000302490,171081263,6917751540225,2179114,把,-108,
0000302490,171081263,6917751540058,2054422,把,-1,
0000302490,171081263,6917751540140,2054420,套,-1,
0000302490,171081263,6917751540133,2054419,套,-1,
0000302490,171081263,6917751540041,2054416,把,-17,
0000302490,171081263,6917751540034,2054415,把,-248,
0000302490,171081263,6917751540027,2054414,把,-1,
0000302490,171081263,6917751451279,2054412,包,-1,
0000302490,171081263,6917751461186,2004966,包,-1,
0000302490,171081263,6917751460783,1922361,把,-14,
0000302490,171081263,6917751460202,567473,支,-4,
0000302490,171081263,6917751460103,567471,把,-4,
0000302490,171131294,6917751460202,567473,支,-2,
0000302490,171131294,6917751420237,1696447,副,-222,
0000302490,171131294,6917751460783,1922361,把,-3,
0000302490,171131294,6917751460684,1976377,把,-5,
0000302490,171131294,6917751461186,2004966,包,-1,
0000302490,171131294,6917751420404,2036687,副,-1,
0000302490,171131294,6917751420428,2036690,副,-4,
0000302490,171131294,6917751420411,2036691,副,-3,
0000302490,171131294,6917751451255,2054396,包,-1,
0000302490,171131294,6917751451262,2054413,包,-1,
0000302490,171131294,6917751540027,2054414,把,-28,
0000302490,171131294,6917751540034,2054415,把,-449,
0000302490,171131294,6917751540133,2054419,套,-2,
0000302490,171131294,6917751540225,2179114,把,-5,
