TB_PO:
COT_ID,PONO,Amount,OrderDate,ReceiveDate
998,170950282,47688.9160000,2017-04-05,2017-04-14
998,171020559,8421.3670000,2017-04-12,2017-04-18
0000302490,170950423,74705.2530000,2017-04-05,2017-04-14
0000302490,170950444,110447.4870000,2017-04-05,2017-04-14
0000302490,170990328,3835.8960000,2017-04-09,2017-04-14
0000302490,170990496,11071.7940000,2017-04-09,2017-04-14
0000302490,171000749,11897.2800000,2017-04-10,2017-04-14
0000302490,171020401,6727.3590000,2017-04-12,2017-04-18
0000302490,171020709,10949.7588000,2017-04-12,2017-04-18
0000302490,171020755,3410.2720000,2017-04-12,2017-04-18
0000302490,171021150,8014.5410000,2017-04-12,2017-04-18
0000302490,171021312,8812.8330000,2017-04-12,2017-04-18
0000302490,170980798,0.0000000,2017-04-08,2017-04-08
TB_PODetail:
COT_ID,PONO,ItemBarCode,SeqNumber,Unit,OrderQuantity,Price
998,170950282,,2055010,包,1,900,
998,170950282,,2055008,包,3,040,
998,170950282,,2055005,包,750,
998,170950282,,2054995,包,3,540,
998,171020559,,2055006,包,80,
998,171020559,,2055003,个,210,
998,171020559,,2054999,卷,330,
998,171020559,,2055000,包,660,
998,171020559,,2055004,个,270,
0000302490,170950423,,2054994,卷,4,500,
0000302490,170950423,,2054995,包,2,160,
0000302490,170950423,,2054998,卷,2,700,
0000302490,170950423,,2055001,卷,6,000,
0000302490,170950423,,2055010,包,570,
0000302490,170950444,,2054995,包,8,550,
0000302490,170950444,,2055005,包,2,130,
0000302490,170950444,,2055008,包,6,600,
0000302490,170950444,,2055010,包,4,110,
0000302490,170990328,,2054999,卷,300,
0000302490,170990328,,2055000,包,420,
0000302490,170990496,,2233519,个,1,020,
0000302490,171000749,,1717209,包,4,800,
0000302490,171020401,,2055008,包,640,
0000302490,171020401,,2055010,包,570,
0000302490,171020709,,1775186,盒,75,
0000302490,171020709,,1734656,支,330,
0000302490,171020709,,1734655,包,240,
0000302490,171020709,,593021,包,384,
0000302490,171020755,,1734655,包,380,
0000302490,171021150,,2054999,卷,330,
0000302490,171021150,,2055000,包,240,
0000302490,171021150,,2055003,个,300,
0000302490,171021150,,2055004,个,240,
0000302490,171021150,,2055006,包,160,
0000302490,171021312,,2233519,个,510,
0000302490,171021312,,2167503,个,540,
0000302490,170980798,,593021,包,-34,
